
DETECTED FREQ=3493Mhz
Processor-index=0 Matched=100%
Processor-index=1 Matched=100%
packets=1000000 cycles=47685490 ns=1.36517e+07
 cycles/packet=47.6855 (13.6517ns)
 cycles/packet/filter=23.8427 (6.82586ns)
