
DETECTED FREQ=3495Mhz
Processor-index=0 Matched=100%
Processor-index=1 Matched=100%
packets=1000000 cycles=52423746 ns=1.49996e+07
 cycles/packet=52.4237 (14.9996ns)
 cycles/packet/filter=26.2119 (7.49982ns)
