
DETECTED FREQ=3494Mhz
Processor-index=0 Matched=100%
Processor-index=1 Matched=100%
packets=1000000 cycles=46629231 ns=1.33455e+07
 cycles/packet=46.6292 (13.3455ns)
 cycles/packet/filter=23.3146 (6.67276ns)
